%YAML:1.0
---
resolution: !!opencv-matrix
   rows: 1
   cols: 2
   dt: i
   data: [ 3840, 3032 ]
camera_matrix: !!opencv-matrix
   rows: 3
   cols: 3
   dt: d
   data: [ 2.1878268365054369e+03, 0., 1.9427727391990181e+03, 0.,
       2.1868819879383927e+03, 1.4676241091702652e+03, 0., 0., 1. ]
distortion_coefficients: !!opencv-matrix
   rows: 1
   cols: 14
   dt: d
   data: [ -1.8175341295801317e-01, 9.8010528531831138e+00,
       -3.7111588659948289e-04, -4.0230064912971777e-04,
       -4.5289589823197268e-01, -2.1007760578872561e-01,
       9.6980564279667671e+00, -2.2267432150864960e-01, 0., 0., 0., 0.,
       0., 0. ]
