%YAML:1.0
---
resolution: !!opencv-matrix
   rows: 1
   cols: 2
   dt: i
   data: [ 3840, 3032 ]
camera_matrix: !!opencv-matrix
   rows: 3
   cols: 3
   dt: d
   data: [ 2.1932897926471142e+03, 0., 1.9198266030130999e+03, 0.,
       2.1937189505562478e+03, 1.5168916174053911e+03, 0., 0., 1. ]
distortion_coefficients: !!opencv-matrix
   rows: 1
   cols: 14
   dt: d
   data: [ 9.0212850052339977e-01, 4.2978253160687622e-03,
       -4.9538566644951927e-07, 5.4197355746445793e-05,
       8.1426126576169076e-03, 9.0161276277409219e-01,
       8.8131257280261079e-03, -6.8961265244863526e-03, 0., 0., 0., 0.,
       0., 0. ]
